46 411 8
2617 5053 5474 5732 1800 5545 8742 2996 2619 9779 4373 4184 5092 5761 3261 6067 2847 9954 3555 2327 61 9201 6110 5689 685 6498 7594 1021 9893 3821 5686 7295 5934 7771 6147 5686 7654 7854 134 3911 2724 350 4975 2117 8334 5366
1 43
5 46
8 39
11 40
41 7
9 20
2 6
32 40
20 1
27 46
19 43
42 27
24 2
32 21
17 9
27 33
11 7
2 16
45 16
29 42
33 42
40 18
21 29
26 4
23 15
27 10
42 14
22 14
40 41
25 35
3 4
39 18
26 32
3 14
28 16
40 33
21 42
46 29
8 46
16 15
24 4
38 1
22 30
33 38
30 31
39 11
40 45
6 45
17 19
17 37
33 7
1 26
46 36
32 17
36 35
14 17
29 30
3 37
22 45
16 31
33 24
8 15
37 7
45 21
6 46
18 30
39 7
37 41
26 21
18 19
43 22
33 22
19 34
25 31
45 12
17 18
37 15
31 21
17 17
24 21
21 11
11 17
37 34
23 31
22 37
20 29
29 17
29 1
31 14
16 10
20 20
46 31
40 24
29 6
33 3
27 36
32 38
16 26
17 27
40 2
33 16
3 32
19 4
12 28
22 5
15 19
18 2
8 32
1 15
17 12
19 46
15 20
29 45
22 17
5 10
24 5
3 21
45 33
43 33
26 10
20 43
15 9
44 38
4 12
18 43
8 19
42 39
37 46
34 17
19 16
7 32
37 31
26 30
34 18
2 41
45 2
19 12
38 43
34 7
33 28
36 7
5 14
5 15
9 12
7 18
13 12
24 44
13 6
21 4
8 5
6 39
38 34
3 6
24 35
38 4
25 13
14 2
23 12
30 43
29 26
15 11
40 42
15 33
42 26
31 43
2 44
41 17
45 31
18 31
29 5
7 17
32 4
41 44
25 24
31 6
27 38
27 21
8 45
11 22
4 15
41 39
44 21
21 38
14 24
13 29
18 38
30 8
10 30
10 33
8 40
11 18
25 37
1 35
30 46
30 41
43 39
46 17
26 3
13 35
44 11
27 20
10 20
34 8
38 35
31 38
35 43
35 20
38 11
25 23
8 10
32 18
32 1
4 9
25 27
20 17
23 16
5 28
30 24
11 3
16 30
34 26
6 19
10 18
45 14
40 4
46 33
10 37
14 36
9 39
28 28
6 6
1 22
41 11
4 31
33 23
28 44
8 6
21 1
43 10
2 32
21 18
19 31
20 4
23 37
16 7
14 6
44 36
33 13
43 41
2 33
11 13
34 20
14 16
38 38
14 26
27 27
17 3
38 9
1 19
43 44
18 14
20 19
9 43
16 18
31 28
20 31
1 14
8 21
11 31
4 6
45 24
1 16
20 32
46 40
10 46
18 15
27 12
39 13
36 29
12 3
11 8
43 27
27 41
7 21
5 9
45 43
8 12
19 44
21 36
27 8
25 15
6 10
42 1
7 46
11 23
44 6
45 10
38 6
21 22
12 41
1 36
30 40
8 22
6 28
25 32
4 29
36 43
6 40
17 28
42 42
26 9
11 34
15 22
4 27
14 20
6 16
23 42
43 14
39 14
34 23
36 37
24 29
11 11
7 12
30 14
37 35
23 21
17 35
25 7
15 7
9 14
23 5
4 43
46 1
35 5
15 26
10 9
24 23
16 17
15 41
9 25
39 23
16 32
44 13
29 32
3 29
37 21
42 9
28 45
20 38
44 1
40 12
41 33
30 25
29 33
23 22
35 21
6 7
2 31
3 36
4 34
30 32
6 25
31 34
5 39
45 13
25 38
34 32
12 26
26 41
18 5
31 33
23 4
42 22
10 38
19 9
13 40
27 34
40 21
30 33
5 5
33 11
30 42
2 38
38 19
26 27
26 24
36 20
8 24
42 17
35 26
41 4
17 1
28 30
39 46
27 24
17 2
31 29
34 14
33 20
16 39
9 2
36 26
36 11
29 11
8 7
15 42
39 29
18 6
32 12
18 45