100
4 3 12
3 2 1
1 5 2
8 1 1
3 2 30
1 2 27
3 2 1
4 1 11
2 1 2
4 1 5
8 2 2
5 10 5000
14 27 31
27 11 44
30 8 20
2000 4000 3
11 8 713
2 8 1
6 8 39
126 7 5
133 8 1
134 5 2
62 3 3
140 3 193
455 8 23
239 59 171
710 7 2
13 31 2551
7 31 13
13 14 18
20 28 25
56 94 36
174 63 3
251 5 6
279 6 134
398 347 31
162 33 185
1026 7 5
612 65 24
1091 12 28
10 9 2007
8 3 2
143 9 3
27 8 34
90 89 15
122 16 12
80 32 3
31 10 1
342 6 244
686 9 5
8 51 200
9 48 7
25 29 12
9 43 10
57 34 14
125 9 1
86 47 2
135 11 36
4 105 657
138 3 120
233 7 213
767 42 1
14 3 3315
1 4 12
10 13 1
25 3 1
26 3 1
7 1 130
52 51 2
207 3 1
35 3 1
210 2 1
98 2 228
415 2 18
474 3 1
475 2 2
13 13 421
38 5 28
73 2 1
35 29 163
244 196 12
66 22 1
463 4 1
132 18 22
331 53 1
546 4 5
353 6 8
688 2 1
725 4 13
4 176 1966
184 6 74
314 94 8
396 54 120
13 32 919
31 25 32
38 115 18
131 21 188
443 13 1
62 3 41
294 173 34
702 11 66
777 20 2
261 25 17
833 10 32
276 51 5
896 2 23
9 40 546
3 41 35
53 18 319
478 34 2
437 3 158
662 22 4
668 20 2
723 22 3
758 40 3
5 104 1048
423 5 8
258 60 56
550 79 372
694 129 94
4 378 2681
182 294 217
518 343 1666
1981 1176 119
16 5 925
1 5 46
44 27 2
94 2 81
206 4 2
208 2 41
247 95 2
250 5 2
157 5 2
350 2 119
212 32 1
172 6 2
504 2 24
578 3 4
582 3 15
923 4 2
10 39 784
109 4 16
111 10 23
164 24 7
171 39 54
189 160 10
323 37 3
367 16 1
70 45 70
454 244 35
2 4 5
2 4 3
10 28 811
15 20 52
54 84 1
150 10 159
406 4 8
414 2 16
430 2 100
188 83 37
285 44 26
299 39 18
4 43 101
17 27 6
5 29 28
74 17 19
3 144 596
54 123 17
11 157 137
7 21 82
14 20 2
16 6 1
19 20 5
30 11 2
48 18 3
27 4 19
8 30 115
16 15 3
24 29 5
15 13 2
48 15 1
29 16 6
55 34 5
108 20 5
3 46 133
26 47 1
29 28 2
6 27 105
21 9 6
16 18 14
50 3 10
62 17 7
51 22 15
10 38 174
2 37 5
2 5 6
30 14 17
49 26 3
58 9 5
79 15 6
50 59 16
25 25 10
122 33 19
16 18 177
10 19 3
16 4 6
23 6 13
16 7 6
26 23 9
23 20 1
65 8 15
82 16 10
75 19 4
102 2 2
62 16 6
89 8 8
130 17 6
146 16 9
161 3 6
6 24 678
23 9 89
96 199 10
277 4 2
307 23 325
297 33 18
16 12 427
110 3 2
67 1 17
170 6 1
171 10 10
191 10 3
20 1 3
188 5 14
266 11 1
268 5 54
363 10 59
308 36 7
461 11 78
545 5 6
222 11 7
560 9 10
16 19 612
4 18 6
1 21 8
55 6 8
64 7 14
83 8 53
263 19 19
188 27 9
73 7 5
375 14 1
379 13 1
75 18 5
94 2 56
268 34 4
485 6 121
608 14 4
15 25 1125
44 3 16
54 19 14
90 19 9
63 11 5
322 9 48
434 11 1
435 2 141
622 9 4
639 10 1
165 17 45
838 21 44
908 6 2
847 9 115
493 87 23
14 16 630
49 3 6
22 21 4
72 14 33
141 13 43
168 62 4
246 13 93
445 2 19
93 8 1
470 11 14
533 15 2
241 7 29
525 15 1
427 19 14
10 20 1793
33 5 10
46 9 327
365 199 5
215 28 8
491 6 4
282 17 2
113 13 2
609 2 256
906 16 3
5 40 1348
28 40 1168
176 20 36
1232 28 20
1252 40 28
4 73 4249
34 65 15
86 22 51
651 32 27
7 37 1282
45 5 15
47 13 5
33 40 135
206 25 3
202 32 227
232 26 24
8 39 833
35 16 100
241 39 5
234 75 14
330 23 201
786 31 7
796 38 14
815 23 18
4 52 939
7 46 7
10 27 107
900 35 39
9 174 3624
312 12 6
324 108 72
414 72 318
810 24 24
1140 84 114
474 216 468
942 804 6
2556 96 90
10 51 1174
49 16 25
85 43 21
118 31 9
139 51 349
470 129 124
748 39 1
749 6 198
1132 11 29
369 40 5
11 17 4453
2 17 1
2 10 433
466 9 6
209 2 4
308 23 5
497 3 214
720 5 7
643 11 5
8 7 8
750 14 9
3 725 4675
3115 15 345
3545 60 475
6 30 316
200 3 3
112 21 7
225 5 1
140 27 9
83 18 26
11 21 672
1 22 5
3 13 6
8 22 23
371 10 93
173 45 5
312 27 9
228 133 1
585 18 8
647 17 9
657 15 15
2 96 2290
13 94 60
14 20 511
90 3 2
52 20 4
86 10 6
69 5 1
94 14 40
86 47 1
194 16 51
274 13 3
28 11 5
290 19 35
420 7 2
322 4 75
57 14 6
3 198 3816
3573 36 9
2727 126 99
15 18 3956
45 4 40
70 13 8
100 33 1
70 24 1
143 18 2
16 5 13
230 18 6
259 9 1
261 9 87
364 9 4
33 25 8
206 5 2
231 24 2
401 10 14
7 45 200
20 35 5
5 21 14
6 62 3
73 4 11
66 50 2
118 44 45
7 37 784
77 3 61
101 72 77
221 320 152
412 82 15
229 11 4
337 43 2
10 31 865
9 29 1
10 5 1
252 17 23
111 53 6
328 89 6
394 98 1
408 29 1
496 5 13
47 36 29
9 53 353
43 47 4
8 64 13
37 68 23
135 30 6
176 53 30
127 12 2
169 87 32
295 13 44
16 18 1114
254 10 8
244 20 8
118 16 8
78 16 88
152 104 46
512 8 112
284 108 2
720 18 2
722 18 14
378 18 56
1020 18 50
232 32 20
1210 8 6
354 6 4
1232 14 2
13 11 231
28 1 7
25 12 2
34 5 11
111 7 5
67 7 14
260 6 62
330 4 27
397 11 2
401 9 3
356 10 1
403 2 2
409 5 4
2 91 1876
28 78 41
8 20 614
97 4 14
111 7 31
237 13 78
210 30 102
433 10 3
436 16 45
601 13 13
2 90 120
21 84 38
16 8 385
13 4 15
22 8 1
31 4 8
34 55 1
88 2 2
92 8 2
90 9 1
56 9 2
97 8 4
86 4 117
226 135 4
70 8 4
371 2 3
376 8 2
368 6 5
12 22 129
3 22 19
22 19 7
15 21 1
42 6 15
63 10 16
82 4 1
84 19 2
18 4 5
93 21 2
95 4 1
47 15 20
4 41 62
30 33 1
32 26 9
28 13 6
15 17 313
9 13 8
2 18 49
33 28 39
36 10 8
144 12 5
88 58 22
252 11 1
18 5 6
265 13 31
368 8 1
28 6 51
427 11 2
339 77 3
309 16 4
6 58 904
41 25 287
137 86 88
412 17 39
666 12 74
832 44 36
7 13 2336
10 6 94
95 91 31
405 3 4
169 12 4
264 9 622
1123 7 5
3 142 2593
983 3 1
472 129 132
11 45 4285
5 50 5
5 5 5
45 15 490
1440 25 5
910 25 435
330 310 185
1480 85 10
2435 45 1325
4140 20 75
3575 85 30
4 69 111
20 56 13
40 64 8
63 21 43
9 28 2543
5 24 2
25 20 98
82 14 4
129 19 1
130 26 11
149 11 10
163 8 12
151 13 8
16 13 85
3 13 6
4 4 1
14 8 1
16 13 1
10 4 1
19 10 1
16 11 5
10 9 2
21 6 3
19 12 1
45 11 2
57 9 1
60 3 1
65 3 5
77 9 8
7 9 991
55 5 1
42 10 1
64 9 377
439 202 74
975 9 10
459 9 1
13 25 694
4 22 65
50 46 10
60 8 35
120 147 1
276 12 20
344 25 3
303 22 7
355 25 7
33 5 150
597 11 2
603 25 4
693 10 1
14 10 1065
6 9 3
13 7 4
8 9 2
13 10 8
31 6 1
20 9 239
520 7 2
50 8 78
176 47 2
312 4 2
651 8 386
1054 2 7
1061 2 4
7 1275 4624
680 612 459
1309 850 765
2244 289 136
3162 221 187
4046 918 153
4284 782 340
13 175 1183
7 175 7
56 168 63
84 84 98
119 161 91
399 175 77
329 196 7
539 126 7
266 189 98
553 126 7
819 105 133
987 98 105
826 154 28
12 22 1027
7 22 3
3 12 1
4 13 2
23 18 2
38 15 110
126 417 1
284 9 1
548 8 119
658 195 9
865 19 71
624 58 16
3 23 52
6 21 1
7 5 9
16 96 4256
32 96 4
44 96 644
672 800 8
1384 124 16
772 132 32
1304 76 456
2080 48 4
904 40 48
1372 712 128
2956 20 24
3000 64 32
840 64 224
3532 32 116
4116 12 52
4192 72 20
15 63 609
21 63 42
63 63 21
105 63 42
147 63 21
105 84 42
231 63 21
105 84 42
189 63 21
84 63 21
357 63 21
399 63 21
63 21 42
294 21 42
378 42 42
14 112 4656
16 108 460
400 900 12
520 88 216
1220 84 156
1328 296 120
2516 8 12
1904 64 400
1832 508 8
488 28 504
2952 428 272
2920 84 8
4532 72 4
4560 44 96
15 13 1068
8 14 42
202 7 5
210 10 28
264 12 22
496 9 16
502 76 5
600 2 19
641 13 25
686 3 2
205 8 93
490 15 5
169 10 2
808 7 139
1067 6 1
7 32 760
55 2 8
42 25 391
455 205 4
664 10 6
700 10 1
701 27 28
7 44 751
15 35 1
66 35 30
106 13 24
134 4 80
689 8 8
486 4 13
4 145 947
46 125 21
33 39 628
817 113 5
4 117 262
25 104 66
223 80 1
166 110 64
4 180 4335
845 20 20
880 25 3230
4115 160 10
3 51 4025
283 2 170
522 24 4
12 9 3522
534 9 30
564 9 3
546 6 66
726 6 6
363 15 3
543 6 270
1008 612 6
1626 6 6
1572 6 6
834 3 903
2538 981 3
16 19 3289
4 20 56
172 7 2
141 17 4
181 3 1
185 4 7
49 32 9
17 7 3
170 13 60
303 8 5
195 7 99
168 115 1
519 5 8
533 16 11
603 14 2
578 18 19
10 14 375
116 2 118
28 22 1
169 10 18
267 13 1
236 19 1
277 11 38
326 6 14
101 38 2
369 13 5
4 6 11
6 3 4
10 6 1
9 5 2
5 26 495
32 4 50
88 14 1
67 23 244
323 76 20
11 16 618
34 2 1
17 9 1
41 16 88
246 16 21
254 20 32
321 15 3
326 12 5
331 7 1
338 6 161
605 5 13
16 255 1770
165 240 135
225 150 45
465 60 240
345 60 30
885 165 30
495 210 15
450 165 30
915 60 15
750 120 75
780 165 75
705 240 30
1290 180 120
1500 120 15
1380 165 60
1350 315 15
9 25 337
1 25 22
80 20 5
30 8 1
79 9 2
62 8 10
56 16 160
290 10 23
136 33 3
14 6 788
2 6 3
5 2 1
7 4 23
80 6 25
103 186 1
290 2 2
119 6 4
298 3 2
298 192 2
492 4 5
497 2 95
700 3 66
260 21 3
11 38 808
13 28 25
36 120 1
192 30 40
197 104 1
129 28 54
391 21 24
453 8 15
477 36 116
792 38 10
802 3 6
15 13 559
12 2 2
24 10 2
27 3 61
146 13 88
246 2 4
44 11 79
338 3 5
327 7 3
290 6 3
363 6 31
230 11 15
453 12 1
454 3 87
555 7 4
3 32 1107
4 33 46
200 20 15
5 28 74
15 28 1
16 19 1
7 12 18
39 16 14
3 23 1504
162 5 11
178 4 13
